1718	4745	93	3664	5580
1233	5684	2852	8487	6325
6977	2084	8522	5367	6268
1395	235	6612	7311	7064
4060	3571	859	4284	4501
4969	7728	4278	6574	4359
6052	2697	8000	3242	7800
4824	1909	9168	3709	3515
3400	8596	7227	3035	5188
8882	4033	7500	4539	458
4032	1797	5210	1382	1834
739	6846	6474	1621	6087
7130	4985	8130	248	2548
4725	3808	2887	3094	1034
8386	2230	2718	6969	9033
3675	8431	9563	9261	1672
2929	2936	6508	376	4218
2191	5019	3714	5421	8540
2157	4873	3735	2013	3852
2051	3868	6571	6645	8323
6459	5443	2202	8798	3101
4305	8341	3969	6949	8220
5125	1617	4361	8958	3575
2631	7926	688	6156	4172
5710	548	980	1959	2540
3799	7052	8299	4166	4890
8516	367	6577	541	7481
1941	7369	4224	6215	4039
4751	4337	1018	6301	6840
9126	2142	1230	4251	7590
5419	1055	3293	5857	5552
2195	8835	2818	2731	465
5547	3350	2272	2483	5074
2393	201	2038	5992	8994
5030	477	9299	8336	196
7273	7469	3719	1835	4222
343	733	1292	5229	4071
2154	5459	8708	9049	6448
2394	7442	9371	3874	1295
4320	5758	2443	676	1713
5146	1567	3133	6189	4424
6456	152	3875	2009	426
7720	3222	8988	4817	2493
3701	4082	5567	6828	5216
3148	2288	9209	7564	7507
299	3619	3936	4785	2684
5974	5033	3742	5660	6903
3523	3088	2413	2580	418
7825	7789	1414	3479	6937
6761	849	4656	4383	4532
7984	8518	6982	1361	7406
8635	6525	4953	6878	4742
7876	2381	6624	9308	9602
456	2815	1856	362	113
309	9516	7981	5657	8226
9119	6518	6741	1678	7701
2358	1839	7431	50	7859
198	5320	2133	5778	7237
3139	7183	1963	5956	4889
9621	699	3963	7924	528
721	5110	4489	9080	7539
38	645	2956	8409	6995
6799	6808	6713	9301	2354
6244	9268	1035	9466	2458
5982	1584	2006	7543	9045
1861	3059	8136	6469	8918
8494	7190	87	4915	8470
5824	7122	5525	4964	6316
7916	5826	8385	630	8858
7719	1772	3447	8108	8654
6815	2471	9392	1040	4182
4560	7811	3	2199	2754
3436	4492	8283	3437	3249
553	983	1072	407	8873
3610	4441	5878	4468	1208
4410	435	4201	1332	6265
5798	9260	4887	7983	1390
3725	9642	3772	1146	277
7125	5385	5570	2946	5516
98	7545	7195	4698	5910
8936	7067	9577	7452	5293
5526	3839	9464	4803	6142
1387	3499	2575	4657	5729
6412	636	1814	3353	8712
6404	3677	1612	5148	1464
319	2759	9360	9148	1548
7961	648	8398	1660	7674
8208	37	3836	8335	4703
7040	2388	2138	2577	7781
3794	8211	4184	3910	6347
2137	4573	2244	7258	987
5786	138	5360	4314	5412
4234	3530	6914	9121	4866
8477	9573	2455	1857	4360
5716	4926	1024	8984	6389
4255	6533	9263	6458	4827
6136	5605	2259	6772	7404
6276	6061	7184	9494	4721
4081	210	1523	5097	787
3229	7733	522	8978	5357
6494	8829	7588	9564	1384
1200	7358	1032	895	3390
1507	7923	9453	9383	3907
6587	8391	3381	7635	7766
1290	7724	1976	7268	8726
3000	9051	1438	6346	9488
8193	4888	5976	2287	8930
1031	4055	8525	8212	9103
8416	5015	4616	3746	1154
3867	5147	3929	134	5985
6138	4499	661	7555	3553
679	7698	2827	5141	8977
4880	1549	1012	588	2048
7908	4945	8617	6243	8242
459	8655	6953	1193	9117
813	1736	9485	9598	5563
9459	5578	3248	8215	6394
4906	8157	1256	3154	906
4606	9270	7774	4434	1843
5917	4221	8392	4978	1231
4330	1691	1352	2010	2330
2058	7091	9394	1553	7854
7852	5009	1104	5453	7947
783	9029	8421	406	9106
591	245	2905	6266	8264
1288	8968	9006	6015	4551
6848	3250	5285	2542	5613
1706	4579	6011	3361	6729
3040	2591	6342	1973	7323
7869	1911	7325	2687	2837
6349	1372	4834	9664	9091
313	8083	4444	1225	6850
4799	8456	4801	3243	3741
495	1535	8690	892	2322
8256	3141	4623	8324	5494
4797	7441	6220	8029	2866
4762	6253	6560	8741	253
5938	6742	6810	852	9032
1813	9086	3810	3692	6607
9067	222	4102	873	1016
5937	6273	5654	4814	1592
6168	3338	5444	7979	5802
6820	9406	2889	7138	2999
3851	9654	2266	7499	2598
1842	6856	7488	2317	7199
6590	6827	1087	728	3409
422	8698	3603	6075	1887
204	8092	7513	9169	3657
3991	5936	757	8864	2392
7569	5105	8651	2347	5538
2647	8670	2568	8886	5965
1367	7722	7417	7371	5212
3030	5809	5736	2766	4295
5474	5500	527	2942	5221
9429	3008	9285	4274	854
7613	878	6018	7943	3816
5190	5166	6363	9597	3723
6117	4389	1446	2383	6635
4672	4244	3617	592	9275
8412	4995	3067	5812	1502
874	5524	7594	2590	6158
7960	100	1641	1704	5191
4228	8691	1767	2211	5748
8496	5711	8964	2941	9562
2315	9192	986	2203	1522
2115	1510	7583	9391	3354
9098	6309	5530	2229	3178
2525	772	8850	7056	4699
7447	3882	1070	7189	6725
8583	9652	2579	5550	4385
8043	3426	5595	6950	6625
2507	4705	8049	5618	5024
78	4730	5873	9151	1744
5354	587	2336	9345	5160
2565	1903	1873	7489	8715
7360	3590	1139	5895	4454
346	6702	2479	1474	265
8739	5649	7208	9201	7374
2397	690	8369	1406	6160
652	7185	6966	1477	3556
1255	3279	7592	3270	5841
9253	8944	4609	5359	3822
9588	1689	7708	5915	3132
5988	723	5607	369	6190
4486	4754	256	6102	2005
7288	9428	4232	1642	4838
5194	3310	1754	2306	9004
1134	8953	8508	2893	7873
484	246	1811	5204	8371
921	4654	1766	5919	3251
3295	7509	4262	1062	7999
5934	4932	9095	3089	9665
2024	1297	8875	4766	7178
2456	7115	7830	8090	2624
2892	5800	708	6956	2183
9139	666	3277	4620	8908
3389	4340	9293	4453	6438
7483	4589	5883	6951	3805
6686	2514	7202	5964	1954
9421	3551	5677	6706	4849
6450	1317	5854	9492	5727
6222	2602	9546	5801	3491
3196	6839	1362	1859	7576
1029	1081	1312	6570	326
2886	5301	6355	2261	7141
4076	1325	6507	5504	7932
2151	7087	5845	7508	2226
1919	8367	1337	607	8033
3207	9229	4395	2452	8263
4583	2768	8209	8004	7004
3500	3896	7169	8951	4493
2450	6423	2146	664	6642
7762	3604	3948	3813	7591
1540	5281	7610	8803	6502
9154	4757	3142	2938	4482
2581	5448	4599	1554	5400
7286	1383	3254	8253	5462
6796	7612	6335	9281	3684
6727	3184	5047	4407	3517
2033	5522	3595	9311	9185
715	8135	4160	4139	9549
4956	1665	4872	4010	9186
8510	5724	6350	8141	4074
9417	6806	1270	6948	8966
260	6821	4621	8498	3444
5642	1318	189	7244	2569
2480	3716	4159	8687	2220
968	5205	4967	8112	7962
6418	1444	6050	6477	8165
3960	929	1573	1068	7361
547	1058	902	1224	5351
6357	8339	2435	1957	175
6698	4213	1986	8766	303
8297	1520	139	133	8622
4529	917	2674	3102	6807
1781	5558	7129	4171	3626
7372	6446	3206	4474	499
185	7540	2060	6968	2644
6225	9477	5323	1860	6869
9639	6105	1097	1266	298
8150	5031	3857	4396	1568
145	8495	650	5077	8162
3942	7672	3926	3533	7037
2	3125	6715	1575	2255
9109	5555	4647	7013	5328
317	8441	2046	1235	6919
106	9644	2442	8155	7884
6606	1117	5922	3047	1683
8353	6395	2056	9242	3407
1743	5037	8107	669	237
5370	8031	9372	6206	2879
3727	8761	4093	3003	7162
340	3992	290	5497	2385
4374	8373	7140	5674	3894
7324	9384	7080	2627	6549
6868	1824	8827	3844	8214
6184	5010	7767	8975	44
8689	47	9228	8800	7275
7209	1207	6486	2555	3520
8305	560	4296	8166	4896
353	4719	6471	8910	3845
7687	9254	8743	1209	5891
4094	9368	8671	302	9037
3581	6371	9626	717	1386
6649	9604	2685	6275	3014
5434	2059	9323	7352	2989
7247	9407	2469	7027	6700
7296	1509	4639	6067	5587
753	7107	436	1939	9614
4275	6278	9205	8265	7918
4925	8395	7285	3245	9230
5028	6947	3347	1618	5808
1137	4821	2289	1251	1011
1579	8355	8722	3940	7805
1093	6613	8941	6731	5094
23	6976	6074	6155	7022
9019	1308	2130	1918	9053
7537	6415	1513	2012	3959
3126	5415	5246	5425	1949
9435	8164	2963	7768	5950
5852	6542	1370	8950	6679
3994	1940	3899	5537	908
3179	2799	1177	9541	999
7478	1681	8748	4413	4653
5611	625	2379	5639	6465
7226	8526	1985	9490	9124
2913	4097	9676	9073	1065
5268	7117	3208	4368	9502
7386	8823	2072	1170	6416
4819	5718	514	7770	8086
5036	7042	7532	9444	6470
5527	1557	8275	9622	9693
768	7994	4481	6993	4949
9674	1152	9361	3434	4886
7837	6971	2657	4837	6194
234	2769	7010	3640	942
5465	4568	7909	9673	9594
8187	6369	4628	8417	5489
9401	6746	5943	3095	2701
335	2518	678	4731	4607
3594	6436	382	2693	1961
6296	735	900	7259	3006
2610	2495	3919	3764	6157
8035	4795	95	1471	2355
5017	3286	1131	6396	1725
7453	3749	8702	7466	7467
7245	7281	5779	4299	9356
3717	8581	3261	9025	6899
7420	5856	4709	4193	6861
1076	8060	2619	3971	1745
3174	2573	8731	3356	506
9131	8769	5781	2039	1855
8787	1148	5483	7460	7397
330	6091	7931	8623	8466
5750	6907	9113	1307	5299
3032	7163	1241	3864	659
6720	4625	9072	8260	8201
8907	9472	8559	2285	8860
2484	1524	6826	9078	2832
3188	3510	1840	6584	8160
9050	8030	9437	7993	1850
5082	6040	8575	1539	5737
6289	3829	6023	4297	3573
8534	9007	6939	4540	1274
4329	9695	6932	7659	2917
5767	8082	2243	1432	3946
1310	1934	241	7304	9487
4527	1955	4125	2873	8048
5923	7707	9190	8382	3775
1236	5053	3652	193	5940
2997	3155	6776	4678	3144
5885	4858	2547	1204	8578
1036	2235	719	6303	8503
7440	4316	8681	8387	6585
8943	3600	5913	5669	1800
4791	1150	2064	3924	3432
5085	3802	6952	2910	8865
4183	7695	3307	2907	6646
1458	5765	187	3979	162
4350	9150	3681	1820	1635
603	3023	6072	7211	131
5782	3483	5252	8181	755
3957	1508	6979	4822	8363
6093	9613	6060	7736	10
5641	4679	7550	7709	8460
8368	6634	3659	8550	6411
3272	8380	357	2899	249
8788	9314	8153	9183	1109
3925	9691	2890	6963	5741
4732	5440	5694	1729	5392
9458	6227	183	1482	660
7657	5616	4238	7333	6491
7274	2262	9603	3405	2391
1455	5534	90	4867	9668
6678	8546	6640	6782	9539
2283	3022	586	3114	5850
1587	3703	863	869	9062
169	4878	4950	7584	7414
9696	5291	6326	397	2109
1009	8672	6797	7846	5773
4321	2944	6670	1733	1785
3494	2608	4936	6384	2468
1727	5346	2427	154	2726
2831	1983	5449	4590	431
7801	3129	2998	4549	899
6647	1107	1442	697	585
445	3780	3779	6426	2387
4117	3860	2869	8099	9537
6744	838	8838	6734	6777
432	6581	1119	1220	2534
3676	34	3737	3648	2675
4676	7181	4812	561	2369
6814	8326	7437	2395	7381
3915	5143	4842	1671	1077
3486	2702	4146	1815	7106
2587	5963	8547	6004	2509
1135	4912	7535	8397	1526
2066	2790	9523	763	9036
8863	2750	4522	7218	3801
4322	4558	307	4959	7090
6745	297	9374	6677	672
5507	8824	1053	984	7062
7051	5636	4685	7839	4268
2760	1123	1211	4303	7891
4120	1541	9362	3821	3784
1956	8073	1852	6997	6608
197	8118	5339	4574	6906
6804	7487	786	3031	5386
1043	9454	2303	7549	9146
597	4965	703	7654	3366
8928	8351	5222	3454	1331
8927	6589	7893	4099	66
3439	3469	5203	4103	5435
3820	1416	7756	1164	475
4333	9231	4075	6323	7523
4112	8100	8422	7455	5865
6111	2781	4431	6712	6226
2481	7996	5719	4749	1654
6516	7300	6927	9370	9142
6857	7804	907	1517	3789
875	809	7196	6125	9342
9193	3984	6203	289	1481
1773	4142	4186	3892	8981
4189	6187	9365	8629	7688
6580	144	4300	8992	1828
1829	2117	491	5457	3981
8480	8184	3044	64	2617
6530	857	8012	5014	141
6376	3534	7666	5610	694
2894	3253	4122	8115	5032
9207	8904	3012	9569	2489
6267	5042	9441	6790	955
8085	6802	5897	6561	4789
3891	8088	310	9100	6935
264	9339	4288	590	5245
9699	6753	4077	6657	3498
5788	9480	324	8714	4986
1722	5861	5154	6159	8636
9212	814	6183	1125	6864
8558	4645	4475	9694	5931
538	1504	3160	663	8664
8644	6433	691	8802	5111
532	5846	7370	948	644
8168	2876	2463	1079	7649
5431	2212	2045	7691	2095
7176	4638	4954	8277	8926
4257	3212	2712	5894	4229
5640	9348	8471	3071	1485
3290	6714	4149	9414	4756
2498	6351	3902	3131	8475
1527	5242	6522	4883	3635
9517	924	5405	812	4090
2140	8313	9096	3315	2152
7527	1183	79	7853	5941
7639	6249	8997	6798	653
3586	8320	6299	9427	4991
6592	3214	1004	9615	3029
824	3578	3056	7104	2564
2028	7131	5428	1841	4542
4198	7582	9224	6122	7930
6406	2062	5756	70	9178
7018	273	1784	4688	3333
1803	2319	1189	2677	643
2473	4820	8038	1191	1184
1817	1214	5821	5326	1680
8781	269	6703	72	8207
919	2258	1958	5051	3669
8998	4707	2213	6432	8401
6885	7491	3783	413	8877
629	7307	6784	9313	6277
1854	8627	2839	6945	4514
5749	5667	7427	4871	8678
8976	2784	1751	8282	4722
1188	8911	6036	4537	6788
6112	1585	1441	4021	240
7809	2025	1437	1979	294
4414	2512	6131	5951	4018
3700	2075	7151	5830	1291
4695	86	3284	6884	2728
9512	7007	6557	6246	5568
3989	7418	4306	5905	534
8932	926	5289	3223	3618
2666	2449	3191	7031	8916
773	2803	8221	5200	2447
6736	3271	3708	3085	9027
816	3001	5828	7367	7095
5394	1836	7403	4942	3538
5653	2300	7267	24	9174
4983	2785	2302	6536	4113
2001	8531	205	9447	6829
342	2847	5740	3825	5079
1275	3299	4635	4519	103
1376	2173	172	5870	333
7581	9035	6747	6816	2501
8746	4425	8755	2299	3110
9593	3511	8862	3584	8348
314	9628	9698	7820	4095
2239	502	9398	1153	6974
6858	2248	2880	7765	2659
9170	545	4632	3135	2236
4130	8138	1598	4561	7343
7862	1155	6422	8182	7850
8960	8147	433	6209	3041
6978	9364	4335	6674	341
147	2124	3720	5623	4445
5315	8125	5356	1171	9243
2325	9316	4881	7347	8973
1430	9287	3579	4087	2265
8028	4930	673	3079	9373
3175	779	4211	8848	6837
2833	6767	1478	1413	9195
2546	6682	2032	386	1987
6691	1499	4450	8318	400
4934	1625	476	6689	331
2649	3173	7511	7006	4832
1922	5844	2870	1192	3170
988	8261	1545	6338	4059
936	7566	1426	1021	3877
7422	5103	4349	3406	2594
5416	6524	1092	4686	2149
6701	8502	3712	8770	3418
4064	1930	9056	5609	6535
1906	5163	2600	5793	7173
6248	3314	8640	5968	6493
3513	3826	2643	3461	6547
1572	6851	9438	6353	5227
7813	7234	1345	1285	7077
2037	4370	2656	1769	1528
6766	2688	5182	2422	5170
5380	8574	5280	4960	3847
182	3935	6588	8632	6881
1935	7351	6920	5271	8931
8328	5720	3602	7810	8740
6958	3264	4518	957	45
9568	4927	3509	4245	4304
4138	274	1864	5437	5816
1019	3562	4696	792	2403
3540	3548	3123	3809	4416
3587	4143	3698	1203	9232
5176	3549	5751	976	9413
876	7921	7821	2436	6254
5935	7265	5586	444	806
696	3053	1658	211	9179
4200	4917	4353	7769	2855
5133	562	8014	5122	7159
9043	1997	3634	3818	1578
7568	2709	2206	5487	7573
1690	7225	8196	4776	1378
6888	4972	7394	481	5244
6696	1674	6750	1807	6073
4379	391	9165	2415	4101
3627	6213	8425	8007	7482
8272	5340	4227	8046	3134
9338	2431	581	7383	1013
3328	1133	4512	3166	898
8238	6360	5932	9159	1250
8345	2366	6538	3104	6756
82	5652	622	4280	5350
5604	4205	9402	1898	5081
6039	8844	9491	2131	7220
4853	732	8775	4905	4809
1360	6354	8439	4469	2164
4111	6748	1222	366	9504
3613	4946	6334	4181	2850
1622	5509	6081	3966	9099
9700	420	4697	771	4646
8127	9324	5689	2254	6692
8178	6383	8595	4048	8812
3526	3598	5995	6020	9508
3078	5772	6208	1605	3833
3738	6170	4207	9262	6529
744	2773	4580	6630	3980
4923	4174	8149	8064	6489
7166	3831	5708	7407	6256
7074	4173	5896	1180	116
1521	5614	1463	5807	807
8185	6874	9555	5761	5834
3343	8349	2506	4746	5557
3077	9501	1700	363	2153
7886	7515	1805	7250	8281
537	5647	2071	559	5673
4929	8893	8562	5075	9328
1532	5712	7655	7329	7111
539	2931	5679	6652	5691
3357	1500	455	3853	7963
5757	769	4913	1669	6462
5593	1750	7395	2217	8174
6892	7428	8580	3118	3355
7785	7025	1916	8934	4530
837	5276	2519	4271	5458
423	654	3269	4781	1054
7156	3238	2970	7514	5169
1780	3117	5371	566	1620
2251	3122	5383	2467	2119
3363	5466	2459	3054	5553
8333	9284	176	3140	4680
7393	4503	8590	496	7182
2681	6379	6167	8771	3525
8340	7786	3045	5953	9584
8389	371	3806	4690	4575
9221	6403	707	1489	2228
2227	2363	1889	2620	5348
9533	4617	2087	1344	3577
4909	6676	3504	8203	9390
2820	6119	1582	2405	4038
74	6866	1998	8423	5996
9609	4794	2186	9489	8236
6975	5390	6007	8458	1357
5294	1862	8937	3988	5554
9685	3906	4466	6740	3385
9600	793	6490	953	2150
1026	6955	4601	668	5709
9522	3649	8002	1173	9112
5407	718	4436	1796	5843
1710	7401	5796	1966	608
4772	7969	5659	5683	5902
7644	4990	4903	9659	1634
3878	977	4778	9217	8039
706	8816	7110	104	1950
3377	8080	3947	5364	7059
5584	4030	5847	1038	1720
2921	3773	6114	1452	4856
1001	4739	3084	3074	7207
2808	8319	5113	1577	9385
7423	8195	4618	6322	4640
9680	2156	4577	6365	31
1213	6760	3568	4136	8032
2298	7860	2088	7501	6388
5685	229	7061	9503	3678
4587	5142	4884	8613	1764
7014	7282	4123	1937	3280
3431	6294	3987	4935	2281
2089	8006	5215	6377	8332
4808	8219	5187	9493	1472
5092	1264	2256	8639	4673
2365	8733	3120	3745	2888
2329	7877	7035	7904	2679
6705	5906	765	6315	8734
232	7779	6478	6732	3859
9525	5321	7731	178	8410
2801	1921	7599	8173	2502
1995	4943	2416	5168	8025
7997	596	3090	2770	4910
2238	5331	4443	115	8615
9469	1407	2730	9214	6792
9637	2874	4323	7680	947
1454	8381	2340	7536	9542
3287	2093	3080	8024	5365
4603	8919	399	4140	8527
7531	7542	4233	8606	7009
1880	8634	224	1122	9059
7836	6144	1778	1448	7815
3638	3656	8614	8400	257
7637	7443	1746	5478	7412
4726	5178	3800	7262	5266
5929	1239	2249	4037	126
762	1904	7433	5282	7964
7057	507	9155	3137	4971
6077	5977	9527	4020	2736
9663	5393	8921	2703	5492
2326	2576	6986	2476	7436
4689	2634	602	3792	3015
8957	4121	4449	9558	1268
2551	2828	4147	4999	4277
8375	9507	5344	5417	4212
5468	337	3060	4394	6449
3227	48	3978	225	7679
5264	4661	1099	4210	6479
3362	190	2077	6445	3663
9042	3883	5503	1970	3281
9419	5442	1408	3791	8337
7667	4488	7935	5260	1823
1748	6694	2585	7470	8123
8206	8103	7662	7848	9233
5404	5013	6962	7024	658
8656	4758	8744	3541	4859
3949	9536	758	7742	8132
2055	5825	4428	3304	1639
6272	3759	5325	2018	4728
4627	6264	4634	6616	6186
7503	3655	4484	5439	6921
2948	3693	2178	8963	3993
7316	1628	5714	7269	5151
7546	3939	5011	8857	577
3918	2749	321	9048	8322
7595	8113	6743	1657	4839
7600	295	6824	283	1130
7676	1564	3596	7634	5065
9340	6467	434	6825	2424
1169	3401	1632	9269	374
8701	2793	7641	1795	18
4267	2572	4593	4405	2914
5678	2396	7690	7967	7289
4806	163	3914	1465	7246
6870	9363	9244	1023	155
7261	8662	6668	2216	4727
2950	7797	2312	8442	6016
3235	5813	3650	5083	7626
3335	6910	1730	6684	1865
7283	8597	9160	2108	8782
531	651	8866	6202	6860
8772	2596	8418	1460	7292
2170	1631	7474	5697	9137
2362	5566	3614	3536	5819
1544	8834	3456	167	6801
2426	2881	4768	1439	1450
1972	6622	7953	5335	3744
9601	6037	9426	2078	1106
4319	1084	5601	5603	8872
832	6628	2063	140	149
1924	550	55	8343	4962
4315	8810	102	1341	797
5136	8892	1080	1212	7387
846	5549	2179	3927	2136
347	7533	1601	6913	6834
7098	841	2926	2898	2411
8065	6877	7331	6280	1516
1453	2628	173	7254	5337
4313	1190	4386	3198	148
9022	4918	3898	6191	3082
3869	8618	16	9257	8312
7328	247	1371	9468	4939
6053	4292	7998	1536	1269
5842	4432	3941	7562	8833
583	7154	8854	3318	2021
6833	9445	5975	315	3923
3755	7426	6141	2432	9446
4456	2359	7987	6719	7279
8257	8657	9256	3113	3009
5739	1194	3422	9215	2323
4895	674	946	4135	7215
7005	392	1457	4804	2787
4040	9629	9016	3428	1648
8040	5573	5810	272	8571
8630	9014	9129	742	3726
2486	5637	7959	8101	6381
9082	4133	7241	5916	4013
6274	7349	4365	1277	453
5060	6257	8786	2070	2626
8818	8437	4783	2772	497
1819	848	8066	5602	8513
8752	4520	6854	7459	301
2978	1863	5109	2399	2418
4290	5680	338	4534	5986
4596	4397	8754	3514	2118
8523	5402	4382	6083	7277
5424	4684	6908	1712	3378
7746	801	8121	2129	2280
634	3997	462	6603	9001
8947	7388	4197	6262	2698
2937	8723	4175	188	8879
2401	5775	1217	817	3975
8569	8407	5076	3016	9653
4483	7727	594	7685	8237
9672	8633	8795	2908	7337
1129	4408	5859	2250	1392
1724	7571	9058	9039	8478
3606	7905	2374	4900	5249
9076	4402	886	4307	7895
3748	5481	5583	6200	9093
6196	1377	2232	4050	8610
4438	9528	9236	2409	2295
1494	8880	3674	1849	4194
6132	8967	5529	2042	454
470	8303	387	920	6373
7703	5327	4024	7419	7160
2086	9669	8481	2835	7221
7223	9297	714	3276	7084
9497	4063	3130	4435	4610
4220	1163	7819	3625	6154
7558	7391	4331	9566	1201
5353	1562	2128	1287	8763
7517	329	1082	1964	7530
1687	4328	1179	3429	3790
4998	7572	4487	7743	7376
2708	4457	5022	6330	1245
1883	6704	9274	5993	4714
4737	8120	5261	8783	174
884	6212	1908	4293	5117
8552	6343	7606	1143	4384
6106	923	6562	7133	523
2761	1495	4049	2934	6104
8720	4480	2872	8710	1252
2339	4068	4192	2445	5770
2105	9346	5332	117	8990
5088	2672	2231	503	8514
2225	7814	7248	4051	6210
6048	4868	3751	589	1679
7894	408	5270	6070	3954
4069	7534	7231	7301	6058
7001	6333	3411	4164	2690
9010	8119	3209	5665	4250
3201	4372	3694	6871	8901
6693	2125	8945	6340	7179
1653	1711	4851	9063	5909
5879	1946	161	5316	4692
7875	463	6447	5375	323
4356	4287	799	1300	9075
7907	3647	4843	7342	380
2054	6034	8139	5067	9277
2916	1369	5288	966	9057
8122	2513	4371	525	1594
1616	4510	8128	6847	552
6709	4342	8688	7222	3190
5804	4585	3107	7638	4265
3621	1343	3121	4987	937
4230	2742	8737	6283	3288
1359	8887	7313	8705	6000
1168	2840	7432	3646	6509
5243	8067	2423	1273	216
1118	8724	3367	9575	9599
5000	5274	4559	4765	569
1254	2700	5171	4043	3642
3311	2601	8563	8626	3837
2729	3057	2648	3928	1645
1263	9585	4536	8200	8095
1581	1879	9473	6623	8034
8124	7303	1113	7070	7113
6672	6737	6252	4691	6176
209	8631	6263	3729	2161
191	5112	5631	6983	5540
5831	4273	4963	1969	6558
5196	2646	9319	7645	8567
9646	4992	8224	776	2205
3972	4892	9632	2324	1037
2841	1747	1005	8388	2034
8673	9581	8758	9589	1705
1028	2313	2843	9286	9218
6591	626	8436	3554	3611
7272	1279	412	5115	5021
7232	2529	6375	3873	2364
7980	1707	7776	6639	4243
2352	6339	1358	540	8202
8511	4011	2699	9671	6109
8405	4345	6409	4600	5575
4637	3660	7477	2705	1530
6497	3597	9020	8435	6287
3364	1202	3326	2974	479
4944	7471	2625	6987	1475
5776	6886	8579	284	7578
9291	5589	3931	2825	9382
4556	5362	7318	7398	7204
5585	1699	1322	8372	5287
5048	5700	1529	1552	4108
4947	9138	223	8903	1944
3762	2522	2275	8225	647
27	1301	1039	4626	3419
9069	8057	4613	2988	7493
5104	2875	5564	8154	5881
5189	6893	3453	5374	7754
7620	292	3302	1283	4012
5696	1014	6917	6614	7752
2270	7187	8210	1057	7055
478	4497	5670	1197	4675
7818	58	5544	6778	1132
9310	8696	6891	8482	7357
1319	2664	2372	6991	8045
4128	7101	3777	92	4683
4582	28	8251	4058	5925
1042	6169	7551	6115	7864
2668	6348	2965	2811	8970
9079	3234	6464	493	8055
2884	4738	5518	2348	3151
3241	1267	7359	5713	818
3228	3933	5521	3743	8342
6573	5300	8929	486	2670
9018	8717	7682	1845	351
7335	8820	9572	1385	6755
349	9574	9239	6482	9403
4052	3374	2434	1240	2320
5158	1670	1900	7559	5003
184	2844	4798	1719	1763
2983	8013	472	6430	441
729	5900	1022	6915	8704
655	5226	7445	2858	136
4430	8450	7990	821	6092
8052	1695	4830	2775	1479
2532	9648	5612	6512	995
8483	4595	4826	1121	393
3232	7936	1752	2641	2414
8585	3064	6800	5159	3475
2499	1586	5594	2334	39
1667	3410	8094	2967	8489
9529	7165	5638	5655	3096
7849	7625	4418	8177	5911
5186	9611	6098	8811	4263
3747	1623	6565	97	389
2040	1017	9161	6071	1627
5794	1276	3643	6362	2779
2106	5849	1506	7557	6440
7715	1666	4891	3195	617
1758	7200	1147	9587	6992
1158	3042	8789	3449	5805
5055	5366	5197	9153	5314
4764	8061	63	3210	3505
6989	2794	4137	8849	4524
9220	395	8268	1647	7955
7021	8505	8680	7330	6601
8533	446	5272	263	5001
7498	5102	4188	15	2246
3152	6510	8081	8134	6006
2406	7008	738	4294	8463
1638	6425	8329	1227	8424
2629	4134	4028	7302	7823
2851	877	9251	1732	3073
9495	4476	7134	5744	1989
7299	5278	8307	7978	5006
344	4072	3999	1391	2622
2407	3319	3369	4931	4914
9237	6599	7044	6319	35
6545	2523	6293	3482	1228
1098	8685	9028	4422	1870
9149	2457	2776	565	8841
5312	3442	7702	3220	318
9560	7058	494	4004	8995
896	5175	1869	2174	3849
5560	1421	9132	7348	1427
3043	5251	7870	6062	615
6352	4289	339	4400	9650
9110	7730	3171	4	3414
7326	5179	6282	9467	2928
3103	6472	4643	5569	998
7314	427	5058	1786	2273
8986	2638	5822	1309	3572
7260	4833	3024	1069	7628
4282	8491	6145	8885	5343
5310	89	7761	8564	4869
7026	5296	890	8241	2437
2309	4270	7755	5140	8619
7415	3768	4259	9570	9238
177	8059	2996	2017	5038
3239	1349	3334	3172	7900
5999	934	2911	5025	4151
9684	9499	1844	1868	1176
5945	4254	761	4364	348
8913	9211	8608	296	8692
3848	8806	3386	4191	1589
8611	325	3922	5978	781
1248	2208	287	6437	4163
7392	3376	2193	5912	111
6152	9127	242	4272	5650
2696	2111	8612	1755	3065
4204	4388	8377	9107	4470
7954	4144	2515	2900	6088
2616	7505	438	7737	181
5372	621	2282	1511	1166
7332	2474	3138	6501	7103
4996	1429	4351	6199	7519
1931	4547	114	5250	5225
3341	915	2524	5676	7826
6485	14	2475	332	6434
5927	8538	7334	7888	200
9336	2377	6618	7974	5880
6043	4110	7402	3337	8354
9295	9267	754	918	8855
4694	6990	6594	2945	2683
8742	398	646	2269	8383
7816	5815	993	394	6229
1206	1365	5668	3021	4161
616	4131	4659	1156	9547
9204	8804	829	5672	6688
130	49	2274	8900	6563
3563	3547	8239	9216	4701
2448	1074	7646	7034	872
5867	7411	2912	3990	2092
967	9656	4862	4398	3841
5592	4564	2083	8325	7518
3904	1981	4015	1294	7603
1405	7925	3636	2771	2707
7563	3018	2778	7949	2871
5401	3876	3323	8898	1434
7048	3099	4810	2943	214
8189	3433	2952	5061	4308
9513	1380	8587	1223	1219
9331	5789	3468	2345	1216
2148	9683	8666	6035	4391
6269	4467	6279	2292	7126
7748	802	3168	2158	8137
1149	740	2558	2404	5596
8638	7252	827	844	6759
4788	8779	5056	4129	2804
5257	6216	1261	8535	9670
3413	6650	1788	3068	5451
282	8517	6855	9387	9423
3776	2061	5128	488	3070
2260	8133	9559	910	6666
764	3380	2141	7033	4723
2922	4362	3688	1649	8190
2798	8856	1498	5255	5184
1094	2721	2607	7808	1590
2924	3854	5752	4622	8069
9322	4089	53	8624	2198
2853	563	4366	8996	4636
8759	4369	6671	962	5875
9692	5491	1809	4348	8679
4046	4571	3827	4390	8330
2304	4301	3325	7906	5155
4508	1610	8317	9500	4779
1488	2470	549	4269	5608
5324	6604	8586	5436	6068
4281	9044	7291	1912	220
9250	2935	6421	8179	2774
9678	7951	7554	2104	4448
9430	4504	4231	2112	5093
8642	3360	724	2353	7239
7017	7640	6707	7929	7872
6809	2263	3183	6999	6218
7473	3010	9455	8235	1547
5961	6785	2144	4057	4706
3843	129	1258	2500	2030
3087	3968	4665	2846	4976
8780	2807	7310	3863	4509
881	4823	9521	2710	7734
8794	9247	8573	3425	3182
5967	3592	5096	3767	3365
4648	7608	6147	5378	8693
6661	4206	2439	345	5499
777	1428	9389	81	4266
7910	6918	2791	8832	227
8809	3763	7807	6655	123
2015	722	4894	2360	9083
9125	5574	2802	7741	3342
5336	9282	1298	1167	3612
466	5152	7214	1286	6726
4592	2023	2182	7072	1534
6380	9104	7704	8259	891
8023	6417	619	5413	8474
5411	5723	7915	83	3699
6312	4115	6317	275	7986
9017	1467	8560	1323	1353
3161	828	2207	442	36
7831	9578	2848	1787	3391
4310	7193	741	9330	580
4841	5059	383	2341	2864
8897	2318	4114	1688	6080
1151	3695	7363	5707	8476
6673	9024	6302	5531	3557
5043	6511	5871	2716	524
9235	8266	3180	2660	7449
3834	8718	4919	1075	4195
238	8438	3273	935	3058
3752	6397	3262	1583	8444
9199	2537	7284	415	2245
1555	4437	879	2995	8172
7835	2878	1403	1381	1783
7083	5479	3702	2860	5467
3303	3199	4724	1619	3952
7874	1974	3632	2159	8519
680	1336	1351	2744	2022
3998	5298	9101	9060	5853
9515	7834	1419	7623	4612
5173	1723	2883	3105	2346
3397	5464	8445	4367	6461
1175	2639	760	4455	4073
6174	4771	8663	7382	6146
278	3156	1316	4597	5309
1630	8447	3308	2618	4008
2533	9318	830	6271	3537
7946	203	2019	6223	6662
9341	501	7073	3670	4981
7995	1602	5556	7235	9347
887	6569	9008	9690	8896
8079	8499	9030	8246	5990
5269	5490	9335	7937	12
7147	5541	1313	7137	7338
6813	1020	4086	6551	3895
5207	4242	4109	6841	281
5002	6028	3797	9227	8243
5903	3298	5658	52	7858
1447	4406	7739	2139	4729
9470	6076	4658	5023	6031
808	6399	5899	9009	5877
6094	5671	8675	9645	7940
3739	5884	2538	1659	5054
3258	6578	208	6793	6758
8713	8576	1591	8084	3203
1302	498	9565	5066	5153
509	3492	2592	7653	2706
2419	6066	5774	1182	6528
6443	6722	9156	2586	3788
4759	5693	4974	2222	9197
3707	3424	7664	868	2417
526	3955	5230	6197	511
798	4802	5193	593	6537
101	4491	1015	288	825
5706	60	2806	4792	8360
1324	6366	3348	1715	9540
8446	6307	4047	7863	5901
170	3944	5930	1847	6994
7692	6483	2637	4928	556
7050	933	8965	3317	5223
212	1994	6290	5666	9349
1260	8296	8338	3394	4381
8140	5256	7119	5427	9662
997	429	1232	5330	3236
8909	5914	230	4440	6941
8169	336	5406	7567	4674
3256	3629	2223	1199	4473
5123	5502	3395	1305	3451
7497	9128	7410	5470	5134
3508	5621	6468	1473	4988
7476	2652	2792	8350	7148
2645	1007	5334	6925	2126
3233	864	4002	6733	3052
4459	3252	132	9415	4970
350	6358	9130	2027	4562
5432	2541	3402	1115	8274
9136	2503	571	443	9344
9248	5735	4507	3900	5258
7102	1330	4239	1771	3639
613	9591	94	1726	6830
1399	2121	19	6610	1810
4236	516	2301	1136	2812
5044	3217	6298	2805	3443
1739	5262	6237	8836	1221
419	4202	3722	5303	3379
2940	5107	604	4655	5730
360	1633	1770	1108	7409
440	4567	7461	7085	3026
8801	657	8106	2453	3798
3870	7899	8938	9077	1696
711	9041	5018	720	7747
3682	7579	5959	4026	4717
9461	3108	5322	1597	9638
6981	9571	3796	1692	3512
6803	5461	1684	5099	7957
8881	6128	6967	4285	7366
2559	9660	8161	8620	8584
5833	3145	9400	2676	9
9158	5029	3185	8982	6663
8217	7896	2490	6896	8813
7309	9173	6364	3481	9177
3706	4338	6175	5290	7587
1808	6724	2441	2669	6771
949	8602	7879	5892	7675
4979	4446	5577	8269	7430
9307	2187	9102	9586	7732
6232	7759	7771	1162	1801
1878	8735	3704	6051	5948
6292	2429	5167	9288	8716
1821	7158	4380	945	3313
8298	6086	8905	2966	1103
7903	6405	2016	3320	1073
9312	6900	4713	4324	8493
1493	4091	8914	2810	8727
3136	1338	6386	4376	7598
7772	770	6345	5418	1052
4354	2746	9606	8658	820
5131	8711	1050	3372	785
7380	1655	5162	5777	4439
2767	7188	3774	5217	8556
464	4387	2386	681	5241
1932	6021	5035	6488	2824
5460	6787	7718	3754	8861
7015	4899	6862	7630	7146
4127	6695	5368	7749	1925
2734	7844	9476	8699	91
3561	4460	759	3861	8917
4885	4035	9554	7650	6960
7336	5220	4818	1977	7060
7780	3487	6773	7661	7975
5630	2333	623	7353	2686
6192	2367	6556	4815	7109
3690	3349	1984	6818	1314
8248	2380	7448	7897	4256
1373	940	7444	5947	1030
5686	2765	665	8197	2464
2550	4247	6572	698	8677
4401	7971	9386	7253	7966
6539	3840	2215	775	7089
8792	8114	4496	1721	4054
3696	6735	4404	7617	2029
6476	199	2571	8452	9133
9641	5989	5089	4339	4168
2240	6923	4836	7878	4498
7913	6928	4017	7556	3301
3098	1234	2663	7092	4199
2421	7213	4005	1768	6644
7290	7865	4741	9166	401
5838	8561	7490	8310	2132
3039	1569	6708	1971	5882
1281	671	8768	7607	9352
4552	6710	3358	3296	8490
7075	1613	7105	6631	3322
5920	856	901	9337	165
1443	9054	3770	6401	2531
749	3732	815	1588	9457
3050	3890	6079	5624	7621
2082	3543	2433	2566	5114
2123	1716	1833	2763	9219
112	2460	2073	6931	505
6654	811	6419	7547	6180
7717	3953	8830	6453	992
8011	9434	4720	8289	5598
8616	7041	1792	8961	6288
9483	7757	8979	5206	243
3150	8969	1596	4399	9543
7408	7319	5768	9409	8327
4555	8192	7611	5080	4578
1008	2308	9040	618	2901
7693	1280	8016	866	5286
2603	7465	4078	3921	7076
4743	1101	8694	1542	6318
1650	1127	3111	1289	5263
3734	9271	3601	4442	5874
610	8347	5510	4850	6988
9005	3753	1626	6852	5661
9465	5473	3545	2782	612
1476	2556	599	9518	4893
1425	7618	9399	7192	8218
6120	2745	2204	6046	6361
4800	3202	7629	7421	4769
1643	372	3020	4423	6687
239	5071	737	6475	8989
1340	4921	5695	8591	2561
8199	5254	3711	557	3550
8765	6310	171	3467	5997
32	9012	1411	1470	164
5108	3668	7177	2543	7233
306	6946	2368	384	7139
8223	8	8010	1734	2241
7114	2665	8954	6786	8411
1775	3974	1445	8255	2545
4682	1794	1003	9302	6382
1913	3346	6567	3291	8109
7516	6980	1078	4208	8484
4419	4852	1802	3804	3658
7263	5933	905	7362	5559
8358	6038	2930	8582	7157
2384	9619	3246	2026	5145
5790	9068	5156	8894	9631
4061	7066	3760	3049	2085
2297	7609	1218	7118	1253
8071	4150	3462	8895	99
1461	9189	2344	2402	8749
5472	7238	1400	3036	7341
6517	3996	1321	8686	8365
69	3147	5546	9376	421
7350	8362	293	4865	3569
9633	7276	2651	2595	1354
7171	3464	2755	6234	6998
5090	450	3691	4317	3420
7379	2838	396	2903	912
9292	726	1271	2764	473
7210	8093	8399	3616	3441
437	2135	6304	6010	7616
4875	5597	4019	9553	7589
9002	7890	8462	26	606
6151	5551	752	4857	2175
9567	3756	689	3490	5064
7257	5946	996	5004	4687
2725	1296	8180	9213	5445
7124	8500	4700	6669	1789
1111	558	5753	3516	252
5450	1992	8428	6575	605
8015	893	46	9548	3932
4042	9608	5966	632	8229
7152	1565	1033	2076	1393
4007	8730	8334	7167	889
2189	1161	2845	4544	4774
8451	1178	118	359	4712
4940	5969	2738	5422	4156
1048	3063	2977	6414	2376
6961	2539	2865	9296	7729
5799	8808	8488	9451	8440
751	1116	8230	3757	146
6544	3259	727	3263	7529
2438	6831	5005	8074	614
9089	5480	2859	7631	9164
6085	8665	5600	5599	2826
2786	578	9675	2328	5361
6332	7355	381	939	7553
4644	2642	7424	8515	1334
6503	411	4079	3159	7249
7462	1329	1449	6954	5349
756	9350	6452	4614	4693
2673	6391	7843	2002	1566
4217	8959	4516	7958	6324
9294	1490	2582	8751	9304
5403	1686	2735	5972	4633
9582	8521	490	5455	9538
4664	5218	9325	903	969
5939	6611	579	3177	9055
745	6492	3934	5835	1047
2932	3819	8276	3069	3886
8553	888	3480	922	7463
4155	8321	2842	9085	3961
8537	2816	572	3567	2985
8815	925	9556	6451	951
2171	5279	8939	6924	3502
7902	6887	153	8279	8837
4505	9333	3167	5561	7985
845	8625	7892	7526	3187
1483	662	4118	7029	4649
4604	8728	2074	3950	2856
6774	4083	6204	1063	3769
1067	1968	4358	9545	4904
2100	267	5446	7656	575
9143	279	5382	9552	3982
9317	8026	601	5302	2862
6314	1	7097	1888	5124
4948	2011	8148	6926	4740
9046	3119	3689	3872	7833
142	2321	767	4796	8942
862	448	9070	3605	2371
8050	9290	7790	3289	6188
7439	5820	1890	2654	9411
2632	7928	186	4025	1682
2276	5333	6134	1753	6789
702	2976	1027	457	2327
8222	8300	4264	6540	410
8267	954	1025	3713	6621
9462	6660	5	334	2961
403	8697	2332	3331	1066
8920	5275	5863	5984	6633
1431	4677	6781	736	2740
6922	7991	8605	2293	9223
6201	65	850	308	1041
3321	1265	638	913	3793
5681	7697	9327	6626	7016
9162	2305	3920	9479	897
356	1215	4855	2713	8291
5565	1342	8851	2959	8536
4747	2167	3457	1085	2949
5232	7784	4495	3375	6127
1609	778	5764	7088	2310
5398	7012	1779	2316	8884
8116	3421	1560	2098	4393
1505	6095	6239	5384	3240
642	4908	5582	5345	9369
2836	8839	119	7081	2658
8899	6221	3908	8732	2640
5046	3555	3630	8750	4132
6775	9226	364	2597	4977
3680	3970	7495	5928	2830
4598	843	2986	244	2604
9326	5240	3889	9625	2757
7086	8433	6008	3189	375
7364	7941	6959	3662	3956
9259	8889	8935	3371	7506
1045	6617	2796	1818	6305
3445	5924	6033	4190	7660
2982	5839	6429	5433	4941
7242	8472	166	5498	7939
110	3608	2733	1100	932
8056	2068	3072	8867	5355
1061	482	1537	4938	305
2099	4663	5050	9531	5438
7927	5277	8233	9351	8796
3388	2218	1988	8544	4065
5363	9551	712	21	3037
5423	1886	1010	5395	2349
5619	8001	9021	7047	7164
157	3761	1915	4744	3051
9011	300	6619	3842	5571
1210	7802	2296	7988	9481
1595	3282	7670	2036	6367
1165	3585	3807	2854	3965
8454	788	975	6481	8925
5177	3266	3165	9379	3560
221	6233	4154	5991	5426
520	8156	2972	5644	8682
5705	4916	390	8799	8592
9298	627	9484	8258	439
8129	3465	3218	1320	5762
5606	6047	8506	9561	510
8302	2714	710	2583	7663
6099	3048	6791	7038	3267
1335	7678	1002	1760	8396
1947	9194	911	1837	4066
3766	2968	7198	6487	2535
5063	4825	3091	4106	4902
6442	7468	8648	4955	4735
8890	4283	5313	158	5273
2373	96	1559	3785	3382
7344	8933	7170	6770	7201
3824	2975	6063	6042	675
7726	5224	8228	6651	6270
8070	6749	950	2861	7356
9145	447	4223	8308	6359
8971	1397	8983	5562	5318
9524	2052	3097	1000	5505
9377	822	4001	3408	8641
1662	3593	5907	8167	4237
5954	404	6108	3423	4541
5514	1876	5533	4515	8075
1804	8352	286	1993	8974
8194	4631	978	8807	3162
7413	2973	3393	2487	9175
5542	2560	7322	747	1580
9433	1551	3460	9616	6022
3158	5233	489	7585	6078
5379	5234	7205	8191	5026
2378	5069	5734	6137	8017
4022	8096	5132	5973	5803
5496	61	9114	4790	3937
990	3628	3339	5307	7914
6602	2777	4298	3275	4533
180	519	5174	1090	3002
6032	3884	1238	6228	9118
1782	3893	7552	4523	6245
2488	7127	6697	6166	7694
858	6586	6460	7446	7668
3795	8773	6552	3312	1761
9097	6165	5208	1606	517
7570	1102	6431	7143	4525
6177	4780	5970	135	2053
1953	2980	9595	8304	8311
620	43	5893	7425	2704
1049	6179	3471	430	6473
1790	6711	1060	3817	6795
3007	1396	3529	5872	5062
2430	9157	9519	5161	8111
4167	6751	3316	7934	6498
6054	6664	7740	7142	1905
8541	7528	9375	5627	3169
4526	9381	4845	5231	2478
9443	687	9471	6648	3667
2655	1484	7161	6025	554
8459	2197	3880	6041	3967
533	3671	2613	1728	215
2834	8468	8906	213	108
6853	3501	4235	7632	4864
1952	1563	2800	8247	8036
25	311	5572	3589	261
9181	5495	6150	5617	68
6929	159	4096	5157	3503
3580	236	8213	8152	6519
8492	609	5369	4608	2113
480	3909	9496	1243	7917
1487	515	3858	6398	9023
2552	2267	4084	4044	1303
2562	7681	5690	1875	7622
6812	1363	7298	2671	5086
941	7541	7093	4226	8972
1882	2257	3830	4325	6794
5484	839	6883	22	8700
1574	633	9252	3865	1543
2107	4922	6378	1871	2163
1368	5588	1550	8661	8231
228	5731	6135	8987	7778
5295	5475	7713	5855	2979
5944	6129	4415	7405	5488
6598	9354	9535	4363	8821
4343	4249	1838	4545	1943
2526	1967	5471	1741	5722
1140	4477	3116	9152	1929
5662	6876	3903	7063	405
5962	1272	8652	7375	1394
2389	1486	2004	4116	4447
6090	9592	7735	8443	3835
7982	3786	5979	1496	5626
2918	3219	9255	979	7842
3255	452	6817	8301	7365
8695	8104	805	683	9388
1172	4162	9655	833	7699
3292	600	2335	1086	5292
9066	1249	2508	2041	5625
4958	2446	7792	6084	1629
6065	4152	4641	3781	1284
4846	1181	3387	7458	6049
4652	6811	8876	1893	7100
2783	7745	2482	5829	789
4911	6241	4309	56	8314
1923	795	5703	9003	8529
3846	9686	1044	8009	5615
1694	3412	3736	8273	1259
6863	2588	5084	5955	7829
3718	7502	5806	7721	853
8601	865	8650	2520	952
3724	8278	5952	1389	5725
5235	2711	30	2623	1926
7788	2719	4104	8457	4105
8044	730	4409	5284	3521
8245	6779	5201	3224	378
8240	555	3163	1668	4715
5027	8284	2286	5688	5755
9550	9649	1899	1174	2909
1708	4027	1196	7236	3452
9412	4718	1872	6912	3197
7751	6506	7633	5792	8183
8117	8227	7030	2181	9410
7243	1901	6331	5746	4770
981	7952	6872	8062	2758
8859	4879	8464	6523	7212
7787	5150	1891	8948	5942
3566	3216	4341	1311	9061
1827	6514	6368	8607	4214
5628	6938	107	2044	8577
3838	5827	2823	6372	3705
1398	3332	8539	6250	1469
628	8504	6849	2361	8316
5008	304	1611	7224	6546
2857	150	5391	6842	3093
7887	3710	425	250	928
512	5007	3399	7615	4479
5259	8568	2067	1703	7561
67	1141	5095	6242	7574
2400	7484	7782	1693	4897
5040	5267	4260	2143	8870
5389	748	7683	6823	4557
567	2984	6683	3728	4240
2491	8871	6738	9303	3532
5116	8105	1401	4566	543
3027	6632	9643	7079	8791
5862	7822	6875	5012	2160
3112	8379	9475	2720	1138
9651	1867	7841	6027	7827
1257	7136	7652	4412	3624
8545	1229	3474	8042	8252
3396	965	6400	9576	529
6641	1409	4500	6059	6739
3911	9188	4997	9418	5265
3506	3631	5785	4528	3912
5532	5876	9367	1990	7510
8902	2939	1533	9283	4148
861	4107	9474	3033	6337
8643	1607	9366	8729	9092
5519	2504	2544	3850	1673
9258	3458	870	3100	9026
7384	9134	1765	9620	2291
2192	7763	810	5195	7602
6164	17	5237	6898	8402
8356	5485	5651	2925	8448
4734	3881	8719	8703	2277
7217	9634	1501	3733	3679
2633	2724	9624	3194	7577
4248	4670	1698	8453	1822
6178	9682	4538	2599	2727
3359	8826	3448	85	6139
3278	5971	2184	3622	2114
9635	8785	7450	6118	8344
6597	639	5486	2188	9425
2951	6110	3977	6532	2155
5745	7773	8455	508	5329
4420	2751	1999	3973	3106
6231	5247	8041	6996	2425
2748	5183	9460	4570	6281
6198	7791	3005	5643	9172
5283	4750	3917	836	8159
9506	6659	4848	7744	7977
4793	8151	5441	8603	780
3599	842	5127	7345	5198
352	2747	5814	9689	2919
1375	709	3862	6413	1777
9309	6069	6240	2166	8955
8145	1624	4835	7317	7346
6559	8426	4777	9147	7817
1420	7451	2896	7845	6680
1851	8003	5430	5138	9264
8814	13	9305	4426	1059
1186	4521	4085	7278	3758
4291	1046	3518	8089	4708
6665	7658	5918	7596	8805
8819	9432	3897	9590	8599
2689	2741	6258	1144	51
1756	6171	4124	8163	9478
6328	2987	8021	1561	4982
8738	2971	6082	6653	2007
6867	3473	6568	6029	4854
3901	4844	3373	9320	402
6235	8018	5823	2485	2981
5548	4517	5591	8175	2593
4092	7312	800	7700	2584
469	3856	8555	3623	4550
3340	1278	6894	8817	871
834	5715	8507	713	7647
1350	6496	1440	6890	54
8604	5887	7714	1404	1326
4253	6402	1656	2578	6527
8364	9000	4511	790	3565
322	2451	9395	1874	9530
6943	2350	5165	3274	8684
3986	4023	3028	9198	8912
7871	3913	6096	6965	2915
5763	5408	1651	4485	6835
2605	9200	8774	1124	4261
8822	5864	6	7036	4531
6658	1776	3351	2877	9031
3507	6291	4767	9087	7464
4119	6897	2814	3193	3472
8020	2756	1942	7486	9300
5447	4392	105	7851	6600
705	7116	2496	1928	8188
3528	4535	3446	3544	1791
379	4465	1793	985	2953
3609	8949	5523	3257	3814
9630	5476	5545	7799	916
5101	4901	2091	285	4748
4994	4067	7340	5238	5994
2829	7150	9617	8554	7544
5214	5319	3176	880	4006
6879	7492	4241	7648	5493
3192	7738	8764	959	6972
3244	6320	9605	1112	7168
5851	6944	4170	2530	2521
7922	327	2819	4882	4433
823	6564	6327	6113	2667
71	9052	7942	6880	1749
255	8952	835	9623	9163
8646	3370	4546	5098	1825
734	9115	1096	1914	1145
6002	535	8767	6148	449
1702	9607	266	1088	4920
1237	6195	2964	2008	5130
6566	276	8760	4984	5376
5129	3466	3885	8027	2090
7280	1282	2960	3213	2185
9439	9393	7457	73	4642
6297	5414	5921	7777	9442
6805	3115	2739	1187	3730
598	4671	8047	2636	7855
2527	1927	3888	5045	3588
855	9334	1468	2103	4016
3285	6819	4629	2927	7082
1558	2477	471	417	1514
5091	5663	6149	6344	6836
909	3697	8384	5070	677
2049	8097	8549	9266	7321
1742	4246	4513	6284	931
6390	4176	3427	3765	3086
4763	7028	3061	5629	5648
8548	2314	4179	217	8853
5832	8793	6214	4286	3778
8923	3011	2692	1608	4828
3215	4907	938	4502	6936
2190	8232	6329	3823	7308
3066	3438	3651	1374	794
40	6763	8878	9510	1328
9225	7435	4787	2408	8287
8825	4490	1089	4957	2969
4252	7295	7593	2494	6441
4755	5016	7266	8063	5202
6341	1546	731	3787	1205
7429	5771	4429	6306	4973
6385	5020	6295	4494	1436
4452	1884	9405	2653	4302
5726	3294	7880	6627	1462
409	5347	1246	8846	7605
6873	194	7673	5311	9105
9196	7933	6439	8465	8393
6126	5377	4860	7889	8176
6675	7053	530	3938	2311
6845	2920	5860	2284	5958
4773	7327	6013	700	4126
2102	4966	6783	4178	7003
8432	9357	8359	6636	6882
3687	5452	725	6933	6153
4666	219	693	4031	635
8707	3666	20	704	8449
4421	5698	3661	5469	5656
7197	2252	5981	4667	474
9273	8286	8565	3470	5520
1226	3062	3644	8146	8376
4375	124	750	373	1518
7496	9081	4829	121	701
8745	6089	521	2110	3497
3260	2176	8962	7948	7320
7973	1056	6480	2695	8419
461	2466	7885	1299	9015
6014	5126	4034	5957	8250
9534	973	2271	2630	9094
8980	6103	7094	9090	2351
6495	2412	9397	8144	3352
2516	1600	6428	8621	9167
1907	2247	5185	1798	6643
8667	1846	6255	1593	4563
513	3478	6211	9657	7945
2169	963	3962	3539	4000
7793	7866	8374	8415	1348
564	5228	7867	4993	8845
5239	964	5797	8205	7803
3324	4153	3181	544	8234
6044	2650	1531	1244	6934
847	6555	7919	9191	7046
8022	11	3855	2694	7206
3591	9116	6024	2780	5399
8037	3983	259	5783	3477
1896	3075	3489	4327	6550
7586	5704	5787	2635	8649
368	1661	6009	1114	6219
3034	4594	4334	1697	5754
1503	6780	2094	5164	7194
2219	7112	3546	3645	4311
7485	4225	3812	4660	6667
179	4619	3995	4615	361
1346	6690	7840	7812	8940
5742	7494	4861	956	1388
2554	6387	7144	791	3128
9343	1064	6238	6844	1126
8244	7524	3247	1293	7828
5811	2014	251	3076	2000
670	6699	7950	3552	5501
546	5482	125	4591	611
9667	1451	7020	3607	1910
2209	77	2867	7305	7389
2165	1497	8378	3038	207
128	5397	2789	851	6865
8271	1512	774	1938	120
7456	5904	8891	4602	1717
9359	1832	6259	6548	9647
4924	2101	6064	840	6638
5635	2885	2553	7710	5306
8186	5848	7099	2172	7882
6193	7174	3476	3887	6311
9396	2723	944	6757	9171
8295	1185	2957	6605	2134
7881	2715	2809	80	1962
5980	8051	4813	424	1556
5248	2993	1599	4576	7416
3109	7753	4933	1826	5381
416	7000	3583	4702	5338
7108	8290	6420	3455	8403
6217	2492	9245	8668	4669
1456	971	1525	2081	9279
9144	9440	8776	2621	8486
5513	4572	6224	8542	6505
782	385	930	9378	5926
7306	3416	460	4543	4403
8915	7229	1830	3081	7642
3055	8645	9084	6957	9482
3570	7071	2069	3205	6728
487	7297	2214	7255	9140
6455	6427	233	2680	5073
492	2057	2337	9034	8414
5576	9176	3951	5866	5622
6909	2237	7992	4464	3463
885	6526	9688	1685	9596
2097	7525	7149	1945	6534
5579	6454	5836	1975	6463
2612	8198	7624	8309	3417
62	4357	9329	6504	5818
4548	8628	3633	5780	8005
8551	9278	1247	8430	9532
3083	8019	6500	3871	6973
226	6140	649	2201	3495
826	1410	5858	8756	3522
504	667	1519	6964	9210
9064	8091	2991	882	5410
5429	2609	7883	5219	271
5634	3750	6905	2080	8570
1603	8924	2817	6457	1466
4784	143	766	3398	2079
7636	8216	796	2752	3329
6515	7438	2356	640	3771
7548	6596	7039	2849	2343
8524	2465	8076	7180	4588
6205	7857	1424	958	2906
8427	2370	8467	5886	5646
5632	1433	5180	370	268
8852	1160	7216	2338	4451
6832	4716	883	7686	7512
4427	7256	7689	1960	7968
7696	8946	4141	9353	8532
7970	8509	6531	5454	7019
7938	7032	656	7706	7597
9088	1142	5049	6484	7054
3531	202	7750	570	7868
3686	4840	8479	4980	500
4782	2020	388	1492	9436
4624	6163	4187	4029	5463
1417	1083	3025	819	2511
6172	5506	3564	320	316
8390	551	1640	1731	6097
5120	7135	5728	258	6012
5664	1738	1858	6260	6300
6143	6370	5121	9420	8747
9610	1304	989	2691	5528
6336	6681	3641	8874	637
9315	2043	4952	624	3017
5068	9120	6859	2278	4968
2120	4219	5149	3211	2420
7565	8543	784	684	8797
5078	743	5760	4377	6100
9526	9544	4863	2822	8557
5172	2003	7794	1355	88
8588	8594	1714	2398	9627
1538	76	9640	6207	7764
4157	5581	8600	2510	5721
3403	3558	8394	6026	8357
8087	2047	9514	7172	7251
2168	6754	2031	5732	8512
4041	41	3204	4145	6723
9202	3383	8285	8077	7627
4258	1333	6161	8434	8868
1902	5888	982	9658	5253
137	686	8469	4753	9289
1356	4417	6521	7838	3344
7911	6247	4605	7123	5759
358	1895	7619	894	1157
365	5317	1991	3905	6637
6435	5960	1663	7504	7711
2882	8993	5199	2954	2753
9579	195	2574	1806	6123
2279	4611	4662	1894	6407
8420	3559	9448	4651	7723
568	3450	1262	6765	5837
8254	6970	9141	8609	8280
6444	3186	8593	2821	7795
6162	8306	4100	3685	7230
5998	3673	8842	3828	3415
2375	2722	9505	5144	4332
7377	4461	1459	1198	2290
3976	4506	8674	1982	5702
4014	9184	4586	3430	3459
2682	7604	2743	4062	4279
7368	7712	7976	4876	9047
3496	6576	7186	160	2264
2570	9422	7796	2549	428
5477	3731	7078	355	3811
1128	4805	1402	7861	8843
7378	7045	5784	2797	4180
8288	1491	8072	573	6716
59	5396	3488	5358	1759
8653	9580	6768	5119	9618
7832	5701	7145	3803	8676
84	8413	1347	5508	6593
8110	7520	1701	9180	1366
7480	3124	6554	4668	8888
6030	2390	8985	9265	1364
7575	2536	6838	5869	3143
9557	2253	4761	970	4036
518	2177	2440	2096	6889
1848	5135	6251	7783	4346
8361	2472	1936	2331	2035
6392	3157	2454	3740	1881
1637	4177	7354	631	7175
1435	5983	7716	6609	7373
7669	1120	1195	4276	685
8683	4961	9208	8406	6057
6374	3268	1242	4752	6762
4080	270	2994	1418	2813
4877	9408	3615	2268	1831
7522	3092	2147	3715	3542
9203	3484	3574	1978	328
7775	8572	8485	468	1664
6620	6056	4681	5057	2242
6721	5341	8098	1415	5889
4326	6124	8598	1614	5213
1866	3225	4711	8497	5052
7944	746	5420	8262	7651
9431	7580	4710	8204	9272
168	9583	2342	5511	1774
1095	4336	5034	2122	7399
29	9511	6730	2528	2902
2194	7023	7120	4056	4209
8757	4569	682	6356	3945
582	3524	2050	2224	6582
7339	451	3127	7434	4098
3305	8736	7043	109	7390
2958	994	8143	716	8777
5743	2357	8659	6001	2904
7264	8706	2717	218	6718
8520	4053	7396	414	8054
5308	2233	2897	5769	9122
3046	9416	1571	4816	4554
5738	4736	5211	3221	7758
5747	1812	8869	692	6285
4318	1897	6313	3231	6942
1644	6005	5087	1757	4347
6101	8315	2795	5297	5987
3149	1423	8660	1677	4216
867	2863	9463	6595	8053
7725	2661	1306	9111	5733
904	3519	1737	8778	8530
9449	576	972	9677	8956
2382	3013	9486	6629	8366
3336	6321	9038	2992	2116
6133	6656	7614	467	5342
7798	6055	9074	9681	1951
7191	2234	6553	8131	4553
3392	2307	3237	6408	3916
7665	1412	2162	4009	2762
7920	8762	8331	4650	1885
6984	7270	6583	2294	57
7315	8126	354	1636	2962
9222	4411	7956	9456	5387
5908	151	2410	8102	8473
8294	4003	5795	3683	8709
927	9355	4898	1892	1740
4045	33	7	8171	5645
7538	6911	3985	6615	914
3146	4951	5137	4352	5692
8142	6181	3226	5515	943
2221	7069	1996	7560	6410
6003	6901	4630	5209	1735
7155	991	4786	2145	6466
3653	3384	9249	5517	9187
7521	4373	6513	9509	8790
6499	4070	3493	3153	5890
7806	3345	6579	7705	3582
803	5717	2127	3404	3943
7293	6261	9697	3300	6230
5682	8669	2517	6173	485
6045	7965	8270	9666	2606
1315	6130	6752	8408	8637
5687	9380	9206	4581	3309
7479	1379	7049	4203	5409
6930	7287	4165	6017	4584
7671	6543	3004	595	9520
2947	2788	6107	2196	9240
2180	2955	5181	974	8721
2563	2557	4471	5041	9661
3283	5620	574	8828	695
7643	1105	4831	3327	4215
8991	1709	7128	8589	4874
7472	5536	3958	9071	3164
4378	4989	6424	1480	7011
122	8461	3832	1853	8831
7002	9450	7454	192	2611
1110	2868	8068	2923	804
8370	5039	4847	4478	9612
8922	5633	7824	1762	1816
6985	3930	9404	9636	5236
4937	6902	3721	1917	3879
7228	5352	3440	8078	4811
7385	9424	9498	156	7068
6843	9246	5388	8840	8293
536	4975	8847	3306	9358
1877	2200	5675	7400	6520
6185	2615	8528	7989	6940
3815	3230	42	6764	3665
3964	3866	8784	7153	3265
5100	312	9241	4185	5118
2065	8346	3535	4462	6685
4458	7856	1948	6308	2895
6121	1652	8883	231	5699
4704	5304	8058	7847	4344
7271	860	8999	4312	6895
483	5817	75	4355	2990
1071	280	8404	4775	8647
1965	7096	3435	9679	6822
9013	1515	1570	5373	3576
5898	9135	960	9123	1576
8008	3527	1615	9452	2444
9687	5949	9065	7901	6769
9321	9276	6393	3654	9182
1159	3672	9280	542	3297
2678	6717	961	7475	4807
3019	2505	3782	2933	1920
9306	641	5139	7912	2589
9234	584	8292	5543	7684
8566	4088	7601	5791	6904
9108	1327	4158	7240	1051
5539	5072	2210	291	1091
5456	5868	3485	6541	5512
254	8158	2614	1980	7203
1339	127	7132	5535	8725
2732	4196	3200	3330	5840
6916	8249	5192	1006	7294
7121	5766	7219	7898	2497
8501	831	3620	2891	1646
1676	2461	8753	9332	4169
2462	3637	2662	4565	4760
1604	7760	8429	7677	377
4463	3368	4870	4733	5106
262	6236	1675	5305	5590
6019	1933	7972	4472	2567
6286	6182	7065	1799	1422
8170	2428	6116	2737	206
